0.988354 2.89243 0.0422059 0
0.996244 3.02411 0.136991 0
1.00413 3.16914 0.205921 0
1.01202 3.32955 0.274697 0
1.01991 3.50781 0.349328 0
1.0278 3.70686 0.433932 0
1.03569 3.93031 0.532696 0
1.04358 4.18255 0.650682 0
1.05147 4.46896 0.794531 0
1.05936 4.79606 0.973362 0
1.06725 5.17176 1.20011 0
1.07514 5.60529 1.4936 0
1.08303 6.10679 1.88201 0
1.09092 6.68545 2.40837 0
1.09881 7.34422 3.13976 0
1.1067 8.06555 4.18137 0
1.11459 8.77504 5.69379 0
1.12248 9.25512 7.89403 0
1.13037 8.97973 10.9513 0
1.13826 7.0054 14.5466 0
1.14615 2.66416 17.144 0
1.15404 -2.68895 16.793 0
1.16192 -6.4782 13.893 0
1.16981 -8.02118 10.496 0
1.1777 -8.16716 7.74258 0
1.18559 -7.72207 5.76711 0
1.19348 -7.09944 4.3895 0
1.20137 -6.46871 3.42149 0
1.20926 -5.8892 2.72742 0
1.21715 -5.37588 2.21798 0
1.22504 -4.9272 1.83535 0
1.23293 -4.53622 1.54181 0
1.24082 -4.19492 1.31228 0
1.24871 -3.89581 1.1297 0
1.2566 -3.63238 0.982251 0
1.26449 -3.39915 0.861561 0
1.27238 -3.19155 0.761577 0
1.28027 -3.00583 0.677848 0
1.28816 -2.83887 0.607052 0
1.29605 -2.68808 0.546667 0
1.30394 -2.5513 0.494753 0
1.31183 -2.42674 0.449802 0
1.31972 -2.31288 0.410624 0
1.32761 -2.20843 0.376273 0
1.3355 -2.1123 0.345989 0
1.34338 -2.02357 0.319155 0
1.35127 -1.94142 0.295267 0
1.35916 -1.86517 0.27391 0
1.36705 -1.79421 0.254739 0
1.37494 -1.72803 0.237466 0
